1 100
4 7
6 7
9 7
10 6
10 9
11 8
17 5
21 9
21 9
23 8
31 5
31 7
32 7
32 8
32 8
33 5
33 6
39 5
40 9
43 5
43 6
43 9
44 5
44 6
45 8
46 9
49 7
51 8
53 5
53 8
56 5
59 5
59 7
60 8
62 5
62 6
66 5
66 6
67 7
70 7
70 7
73 7
75 9
77 7
78 5
78 5
83 6
84 9
85 9
86 8
87 6
87 7
87 7
87 9
88 9
90 8
91 7
92 9
93 6
95 7
95 8
96 6
96 9
98 8
100 7
100 8
105 6
105 8
107 6
108 6
110 5
110 5
110 6
110 7
112 7
112 8
113 9
114 6
116 9
117 7
117 9
118 6
119 7
121 9
123 7
125 7
129 5
129 9
129 9
131 8
132 8
134 7
136 8
138 6
140 6
144 9
146 6
146 9
149 5
149 9
